../../data/msd/h5/A/G/F/TRAGFFQ128F42A0197.h5 [3686443656 3485396619 3945721480 3685673545 3414084232 3668894592
 3388927624 3686722184 4215171594 3669682753 3409683081 4273916553
 4206783112 3669682315 3669944968 3485395467 3485398345 3661523592
 3720243210 3417989771 4021996040 3669936648 3669781001 3393088650
 3758023168 3753642504 3485377288 3749637000 3476957832 3418057224
 3686703625 3686451720 3350915721 3405701770 3686720008 3485360648
 3737051657 3401458314 3669936640 3686572552 3619611145 3418270600
 3367938824 3745442312 3745409672 3751764489 3418106499 3546197640
 3753640601 3669928584 3418153098 3476744713 3418253960 3418278528
 3686720144 3745440257 3485240968 3417238029 3672827915 3685526154
 3737020936 3753872008 3544091272 3753806472 3485395592 4290284040
 3749374600 3284058752 3543835658 3485076361 3753830920 4022135306
 3485330058 3678063240 3753812608 3484321928 3418025608 3753828890
 3405703688 3284042370 4013711496]
